26.624
25.536
28.945
40.91
98.855
106.857
84.103
29.709
29.21
32.344
29.077
106.481
32.274
32.706
124.376
29.502
71.263
77.295
106.405
151.675
151.834
141.255
106.232
84.672
264.245
140.946
114.638
49.097
171.934
98.639
221.262
107.408
278.919
122.236
151.587
33.505
150.348
183.072
232.954
337.714
220.796
162.672
196.295
342.986
234.513
72.033
78.622
54.842
91.36
114.749
150.388
235.182
114.942
247.106
99.065
99.743
115.688
107.304
84.143
98.657
122.432
152.851
185.142
197.004
132.572
196.947
141.53
161.641
261.673
277.48
275.901
341.113
172.914
171.534
173.494
174.412
172.095
171.303
209.106
207.328
209.367
208.655
195.225
245.926
84.306
162.056
197.331
172.281
114.607
234.131
174.587
173.371
171.642
222.277
59.876
44.472
78.379
77.55
91.153
235.396
76.744
161.691
76.982
245.776
49.738
45.94
78.282
113.841
71.749
71.471
54.621
53.667
45.23
172.741
123.02
249.547
78.078
90.959
122.843
91.206
91.98
124.056
77.099
77.81
78.01
50.115
59.504
33.248
25.796
36.053
49.054
65.873
54.802
91.209
36.737
90.653
207.508
162.191
90.712
90.862
91.709
307.638
261.192
265.945
184.429
262.386
262.704
265.845
262.43
344.533
91.337
261.854
263.088
142.887
309.719
323.862
309.979
78.164
70.98
97.765
82.948
123.757
91.218
50.38
91.487
84.158
65.685
66.011
71.287
98.283
49.576
49.521
55.788
97.124
98.614
107.511
132.766
107.522
142.536
99.088
99.184
98.983
114.993
17.639
71.254
25.89
20.48
13.276
359.581
49.568
54.688
48.669
91.212
15.991
15.474
15.495
15.494
32.869
32.452
15.308
15.375
40.793
114.984
70.965
41.055
172.488
84.797
278.04
247.876
98.405
65.109
65.079
78.25
65.388
106.403
71.193
15.084
248.154
193.143
233.094
247.829
290.335
131.51
20.495
20.475
29.38
20.2
29.2
29.087
20.534
29.419
28.728
29.469
122.939
161.815
196.066
106.31
65.762
84.194
20.035
20.179
20.165
19.983
20.468
20.025
20.161
20.242
20.0
23.127
23.226
22.594
22.537
23.004
23.176
162.564
162.755
29.343
29.212
29.429
29.638
29.256
22.927
23.048
64.782
84.104
17.738
17.735
11.409
11.647
11.289
11.591
20.143
28.93
40.436
28.926
40.761
54.591
20.023
17.374
17.967
11.73
11.347
11.175
11.377
19.81
17.307
17.221
11.145
11.422
11.75
11.179
11.335
26.544
49.209
59.725
71.022
123.315
152.883
132.564
97.889
158.496
196.595
172.902
162.621
185.426
17.962
20.551
207.377
249.046
234.961
162.239
198.597
235.967
232.766
276.453
91.644
114.917
91.669
90.53
92.039
115.03
91.399
44.244
60.45
123.806
140.893
174.672
78.093
98.808
97.708
106.852
106.608
108.444
99.57
77.99
76.591
142.595
142.231
182.142
76.94
40.494
70.634
60.199
59.786
59.9
84.321
54.997
92.006
91.576
114.876
151.954
182.24
76.848
78.251
76.13
54.669
60.569
77.735
83.826
108.253
85.046
106.83
84.632
105.814
59.617
77.133
60.146
114.192
141.281
115.601
143.089
114.368
141.769
60.599
76.73
59.753
78.332
59.157
76.672
60.212
78.438
153.472
59.363
77.153
59.857
78.375
90.726
91.297
98.298
97.452
122.597
123.522
90.882
112.82
106.465
114.67
106.648
59.457
59.359
84.257
13.267
13.433
13.577
65.463
64.612
91.347
84.212
114.591
93.232
113.422
121.585
151.596
98.627
77.577
98.883
44.029
60.179
44.693
17.854
151.107
54.562
91.315
90.928
54.326
54.495
105.534
184.471
220.908
208.269
78.215
98.727
91.161
78.738
97.466
20.556
142.332
140.01
142.339
142.928
208.295
173.68
173.291
173.62
247.876
247.587
309.394
262.492
121.865
162.327
182.835
221.996
98.898
121.726
70.942
115.053
92.049
92.224
98.401
98.127
129.67
71.62
72.662
78.208
133.608
132.026
139.839
171.94
142.342
183.945
132.084
130.613
133.046
151.021
124.122
132.013
133.354
141.939
173.248
172.154
142.683
172.861
124.424
152.183
161.966
122.292
151.891
96.848
59.775
151.197
115.151
60.84
77.746
152.305
185.233
183.791
151.623
182.457
150.201
150.947
115.584
113.533
142.891
112.942
142.048
98.791
133.0
133.244
141.903
25.565
36.195
233.162
234.018
291.66
208.294
78.104
107.475
107.599
106.656
78.161
78.873
77.271
77.257
132.471
133.269
98.986
97.069
100.08
20.312
29.355
184.818
221.061
174.071
141.112
107.488
76.964
163.623
123.635
92.481
123.724
197.303
132.945
219.87
142.552
142.549
184.455
153.802
151.946
151.043
17.481
26.15
106.924
344.385
142.209
184.792
108.075
104.805
131.377
25.801
32.161
32.89
207.894
160.598
132.566
174.038
174.434
32.36
31.554
13.422
19.998
13.481
13.377
13.104
13.286
15.539
15.677
15.0
15.118
15.071
15.01
15.215
15.766
15.125
22.448
23.246
23.166
13.357
13.001
13.401
13.146
23.128
131.984
99.593
160.563
123.716
98.861
11.594
44.724
77.565
77.719
85.864
83.048
77.94
121.989
123.512
115.252
106.792
49.834
65.739
64.768
71.243
123.672
17.685
54.506
85.077
15.515
23.0
114.476
15.144
23.32
15.55
9.667
39.764
40.319
15.329
40.819
15.302
29.55
41.261
53.864
140.897
72.103
142.72
15.316
13.426
132.777
99.586
161.876
124.245
96.673
32.603
32.945
32.886
99.308
131.126
133.245
123.444
15.635
15.284
20.238
15.323
15.665
25.761
22.754
29.265
106.989
106.495
107.02
44.608
44.463
44.632
44.952
44.719
55.029
91.53
20.283
20.166
20.128
20.3
20.207
19.848
19.99
20.576
28.914
29.126
28.497
29.093
92.19
90.855
91.254
91.174
65.425
65.161
65.802
65.965
29.551
28.962
71.509
77.8
77.809
26.068
53.807
76.489
114.664
9.675
13.379
13.055
11.481
150.92
25.25
25.89
122.954
161.907
65.013
122.504
123.803
307.498
163.205
235.575
184.097
92.047
106.923
91.882
161.588
194.074
234.64
277.861
323.284
163.067
77.546
77.925
77.031
77.162
131.443
59.643
161.98
143.383
124.169
152.569
132.216
194.229
66.711
19.869
15.205
17.912
206.325
186.116
194.701
32.977
22.715
44.942
29.121
39.658
64.135
22.739
23.364
54.999
77.487
77.605
45.2
64.368
55.318
77.681
78.028
77.78
43.605
91.367
