41
41
44
48
66
68
63
44
42
45
44
68
44
43
77
42
58
60
74
77
77
74
68
65
92
76
70
52
84
65
86
68
95
71
77
44
75
81
89
106
91
77
83
107
89
58
60
52
64
70
76
91
70
94
70
64
68
65
61
65
71
77
83
83
72
84
78
82
92
93
93
100
79
79
79
79
79
79
85
85
85
85
82
91
61
77
82
79
68
89
79
79
79
86
57
53
65
65
68
95
63
81
63
95
54
53
63
74
62
62
56
56
53
83
74
96
65
67
74
67
67
74
65
65
65
57
62
50
44
50
60
66
61
72
54
72
93
86
72
72
72
104
93
93
81
93
93
93
93
104
65
93
93
77
99
100
99
61
61
67
64
73
64
53
67
65
59
59
60
67
53
53
55
68
68
69
75
69
76
68
68
70
72
36
60
41
37
34
105
53
55
53
67
34
34
34
34
46
46
34
34
52
76
64
52
88
65
112
100
66
57
57
60
57
73
58
35
91
86
90
91
97
76
39
39
45
38
44
44
38
44
44
44
73
80
86
71
59
65
38
38
38
38
38
38
38
38
38
39
40
40
40
40
40
80
80
44
44
44
44
44
40
40
59
65
38
38
32
32
32
32
39
45
51
45
51
57
39
38
38
32
32
32
32
39
38
38
32
32
32
32
32
44
52
56
62
73
79
76
66
80
86
83
83
89
36
39
92
98
94
85
91
97
97
103
71
77
71
71
71
77
71
56
62
83
83
89
68
74
74
75
75
75
74
68
68
82
82
89
68
56
68
62
63
63
75
55
67
67
71
78
84
63
63
63
55
57
63
64
70
64
70
64
70
57
63
57
71
77
71
77
71
77
57
63
57
63
57
63
57
63
78
57
63
57
63
67
67
69
69
75
75
66
72
68
72
68
56
56
63
33
33
33
58
58
65
64
71
65
71
72
78
69
63
69
51
57
51
36
81
55
67
67
55
55
69
84
90
87
63
69
66
63
69
39
77
77
77
77
89
83
83
83
95
92
102
96
75
82
84
90
69
75
61
73
67
67
68
68
75
61
61
63
76
76
77
83
77
84
76
76
78
80
75
76
76
77
83
83
77
83
71
77
82
75
81
69
57
78
71
57
63
78
84
84
78
84
78
78
71
71
77
71
77
69
76
76
76
42
48
92
92
102
88
63
70
70
70
63
63
63
63
76
76
69
69
69
38
44
84
90
81
75
68
61
81
74
67
74
92
79
95
82
82
89
81
85
85
37
43
75
107
82
89
75
75
79
44
50
50
92
85
79
86
86
50
50
34
40
34
34
34
34
36
36
36
36
36
36
36
36
36
42
42
42
35
35
35
35
42
75
68
81
74
69
32
52
64
64
66
66
64
73
73
72
72
54
60
60
61
74
38
56
65
36
42
72
36
42
36
30
51
51
36
51
36
51
57
63
87
66
78
36
34
75
68
81
74
69
47
47
47
68
78
78
78
36
36
38
36
36
41
42
44
70
70
70
52
52
52
53
53
56
67
41
41
41
41
41
41
41
41
47
47
47
45
66
66
66
66
59
59
59
59
45
45
60
62
63
43
57
64
81
30
34
34
33
83
47
47
73
85
59
73
73
104
81
91
85
65
71
65
82
88
94
100
106
80
61
61
61
61
74
55
84
79
73
82
76
93
61
42
37
40
92
87
90
56
50
62
53
59
62
45
44
60
67
67
54
61
60
67
67
67
54
65
