38
38
39
44
62
65
60
39
40
42
39
64
40
40
68
39
49
51
66
69
69
68
63
56
83
72
67
49
78
62
74
64
79
66
69
40
70
73
78
91
84
71
75
97
78
49
51
46
54
59
69
75
59
73
63
57
59
59
53
57
62
67
69
77
65
71
69
76
83
81
81
85
73
73
73
73
73
73
76
76
76
76
75
85
53
71
75
73
61
81
73
73
73
77
49
45
51
57
57
83
53
71
53
82
46
45
53
62
52
52
47
47
45
74
57
85
51
53
57
53
53
57
57
57
57
50
52
46
42
45
51
56
52
66
48
66
78
74
66
66
66
96
85
85
77
85
85
85
85
93
59
85
85
65
88
89
90
57
55
61
58
64
60
50
64
62
53
53
54
58
50
50
52
59
59
60
63
60
64
59
59
66
62
33
54
37
34
29
97
50
52
50
64
30
30
30
30
40
40
30
30
50
60
50
42
72
56
98
82
61
54
54
56
54
70
55
32
84
71
82
84
89
64
36
36
39
35
40
40
35
40
40
38
64
68
71
68
56
59
35
35
35
35
35
35
35
35
35
36
37
37
37
37
37
68
68
38
38
38
38
38
37
37
56
59
33
33
30
30
30
30
34
39
44
39
44
49
34
33
33
30
30
30
30
34
33
33
30
30
30
30
30
36
50
54
58
64
67
66
58
68
71
70
81
85
34
36
77
80
79
73
76
81
83
86
65
68
65
65
65
68
65
49
52
75
77
80
62
65
65
66
66
66
65
62
62
70
70
74
62
47
54
57
57
57
66
52
64
64
62
66
69
57
57
57
52
54
57
58
61
58
61
58
61
54
57
54
62
65
62
65
62
65
54
57
54
57
54
57
54
57
66
54
57
54
57
64
64
66
66
69
69
60
63
62
63
62
51
51
55
30
30
30
53
53
57
56
60
57
60
61
64
64
61
64
49
52
49
33
78
52
64
64
52
52
60
69
72
71
57
60
59
57
60
33
65
65
65
65
75
68
68
68
78
76
81
77
69
73
69
72
60
69
55
67
58
58
59
59
63
55
55
57
64
64
65
68
65
69
64
64
71
67
63
64
64
65
68
68
65
68
63
66
67
69
72
66
54
66
62
54
57
66
69
70
66
69
66
66
62
62
65
62
65
66
70
70
73
38
41
80
80
84
79
57
61
61
61
57
57
57
57
64
64
60
60
60
35
38
69
74
68
64
60
56
68
64
60
62
78
70
80
71
71
75
78
74
74
34
37
69
99
73
77
69
69
73
38
43
43
77
73
67
71
71
43
43
31
34
31
31
31
31
33
33
33
33
33
33
33
33
33
36
36
36
30
30
30
30
36
63
59
66
62
66
29
49
61
61
63
63
61
70
70
69
66
51
54
54
55
62
34
52
54
30
35
58
30
35
32
27
46
46
30
46
30
45
50
55
75
61
63
32
31
63
59
66
62
66
45
45
45
57
75
75
74
32
32
35
32
32
38
36
38
67
67
67
49
49
49
49
49
51
57
36
36
36
36
36
36
36
36
39
39
39
43
55
55
55
55
51
51
51
51
43
43
52
53
61
41
55
59
79
27
31
31
28
69
41
41
64
72
56
64
64
86
75
84
74
53
61
53
69
74
79
84
89
70
53
53
53
53
65
48
71
67
63
69
65
79
56
38
34
36
78
74
76
50
45
52
47
53
51
41
41
56
60
60
52
56
56
60
60
60
52
53
